4294967279,521
4294967278,269
4294967279,265
4294967279,17
4294967278,268
4294967279,264
4294967278,367
4294967278,287
4294967279,16
4294967279,15
4294967279,262
4294967278,282
4294967279,560
4294967278,265
4294967279,259
4294967278,263
4294967278,328
4294967279,277
4294967279,255
4294967278,174
4294967278,260
4294967279,13
4294967279,6
4294967278,280
4294967279,275
4294967294,5
4294967294,15
4294967278,366
4294967279,517
4294967278,326
4294967279,559
4294967278,325
4294967294,97
4294967294,189
4294967294,1414
4294967294,83
4294967278,131
4294967278,130
4294967278,129
4294967278,126
4294967278,122
4294967278,120
4294967278,119
4294967278,118
4294967278,116
4294967278,109
4294967278,106
4294967279,5
4294967279,4
4294967279,254
4294967278,365
4294967278,128
4294967279,558
4294967278,127
4294967279,513
4294967278,323
4294967279,557
2,2
4294967278,364
4294967278,124
4294967279,556
4294967278,254
4294967279,251
4294967278,253
4294967279,250
4294967278,242
4294967278,240
4294967278,238
4294967294,30
4294967294,61
4294967294,18
4294967294,127
4294967294,14
4294967294,126
4294967294,20
4294967294,13
4294967278,363
4294967278,0
4294967279,555
4294967278,234
4294967279,234
4294967278,232
4294967278,108
4294967278,227
4294967278,224
4294967279,224
4294967278,222
0,5
4294967278,220
4294967278,221
4294967279,221
4294967279,219
39,5
4294967294,68
4294967279,216
4294967278,214
39,4
39,3
39,2
39,1
4294967278,362
0,7
2,4
4294967294,11
4294967294,81
4294967294,22
4294967294,17
4294967294,67
4294967279,554
4294967279,0
4294967294,971
4294967294,471
4294967294,906
4294967294,0
4294967294,428
4294967294,8
4294967294,7
4294967294,50
4294967294,91
4294967294,87
4294967294,85
4294967294,1415
4294967294,951
4294967294,952
4294967294,923
4294967294,28
4294967294,922
4294967294,27
4294967294,25
4294967294,954
4294967294,26
4294967294,416
4294967294,51
4294967294,393
4294967294,1418
4294967294,1417
4294967294,43
4294967294,974
4294967294,82
4294967294,96
4294967294,94
4294967294,93
4294967294,95
4294967294,9
4294967278,317
4294967294,6
4294967293,131
4294967293,130
4294967293,129
4294967293,128
4294967293,127
4294967293,126
4294967293,125
4294967293,124
4294967293,123
4294967293,122
4294967293,121
4294967293,120
4294967293,119
4294967293,118
4294967293,117
4294967293,116
4294967293,115
4294967293,114
4294967293,113
4294967293,112
4294967293,111
4294967293,110
4294967293,109
4294967293,108
4294967293,107
4294967293,106
4294967293,105
4294967293,104
4294967293,103
4294967293,102
4294967293,101
4294967293,100
4294967293,99
4294967293,98
4294967293,97
4294967293,96
4294967293,95
4294967293,94
4294967293,93
4294967293,92
4294967293,91
4294967293,90
4294967293,89
4294967293,87
4294967293,86
4294967293,85
4294967293,84
4294967293,83
4294967293,82
4294967293,81
4294967293,80
4294967293,79
4294967293,78
4294967293,77
4294967293,76
4294967293,75
4294967293,74
4294967293,73
4294967293,72
4294967293,71
4294967293,70
4294967293,69
4294967293,68
4294967293,67
4294967293,66
4294967293,65
4294967293,64
4294967293,63
4294967293,62
4294967293,61
4294967293,60
4294967293,59
4294967293,58
4294967293,57
4294967293,56
4294967293,55
4294967293,54
4294967293,53
4294967293,52
4294967293,51
4294967293,50
4294967293,49
4294967293,48
4294967293,47
4294967293,46
4294967293,45
4294967293,44
4294967293,43
4294967293,42
4294967293,41
4294967293,40
4294967293,39
4294967293,38
4294967293,37
4294967293,36
4294967293,35
4294967293,34
4294967293,33
4294967293,32
4294967293,31
4294967293,30
4294967293,29
4294967293,28
4294967293,27
4294967293,26
4294967293,25
4294967293,24
4294967293,23
4294967293,22
4294967293,21
4294967293,20
4294967293,19
4294967293,18
4294967293,17
4294967293,16
4294967293,15
4294967293,14
4294967293,13
4294967293,12
4294967293,11
4294967293,10
4294967293,9
4294967293,8
4294967293,7
4294967293,6
4294967293,5
4294967293,4
4294967293,3
4294967278,291
4294967278,290
4294967278,4
4294967279,132
4294967279,131
4294967279,129
4294967279,128
4294967279,126
4294967279,125
4294967279,124
4294967279,120
4294967279,118
4294967279,117
4294967279,116
4294967279,115
4294967279,113
4294967279,110
4294967279,108
4294967279,107
4294967279,106
4294967279,105
4294967279,104
4294967279,103
4294967279,102
4294967279,101
4294967279,99
4294967279,98
4294967279,96
4294967279,94
4294967279,93
4294967279,92
4294967279,91
4294967279,84
4294967279,80
4294967279,174
4294967279,78
4294967279,77
4294967279,76
4294967279,75
4294967279,73
4294967279,69
4294967279,66
4294967279,63
4294967279,61
4294967279,60
4294967279,59
4294967279,58
4294967279,57
4294967279,56
4294967279,55
4294967279,54
4294967279,53
4294967279,52
